%% All the non-zero model constants of the robot popi
%%
%% OUT = MODELCONSTANTS()
%%
%% OUT is a structure with a field for each non-zero constant property
%% of the robot model.
%%
%% Inertia properties are expressed in the default link frame.
%%
%% This file was automatically generated by RobCoGen.

function out = modelConstants()

out.tx_rf_haa_joint = 0.3305000066757202;
out.ty_rf_haa_joint = -0.17499999701976776;
out.tz_rf_haa_joint = -0.050999999046325684;
out.ty_rf_hfe_joint = -0.10769999772310257;
out.tx_rf_kfe_joint = -0.3519200086593628;
out.ty_rf_kfe_joint = -0.041508998721838;
out.tx_lf_haa_joint = 0.3305000066757202;
out.ty_lf_haa_joint = 0.17499999701976776;
out.tz_lf_haa_joint = -0.050999999046325684;
out.ty_lf_hfe_joint = 0.10769999772310257;
out.tx_lf_kfe_joint = -0.3519200086593628;
out.ty_lf_kfe_joint = -0.041508998721838;
out.tx_rh_haa_joint = -0.3305000066757202;
out.ty_rh_haa_joint = -0.17499999701976776;
out.tz_rh_haa_joint = -0.050999999046325684;
out.ty_rh_hfe_joint = -0.10769999772310257;
out.tx_rh_kfe_joint = -0.3519200086593628;
out.ty_rh_kfe_joint = -0.041508998721838;
out.tx_lh_haa_joint = -0.3305000066757202;
out.ty_lh_haa_joint = 0.17499999701976776;
out.tz_lh_haa_joint = -0.050999999046325684;
out.ty_lh_hfe_joint = 0.10769999772310257;
out.tx_lh_kfe_joint = -0.3519200086593628;
out.ty_lh_kfe_joint = -0.041508998721838;
out.tz_fr_base_COM = -0.03522999957203865;
out.tx_fr_EpauleAVD_COM = -0.003539999946951866;
out.ty_fr_EpauleAVD_COM = 0.043549999594688416;
out.tz_fr_EpauleAVD_COM = 0.0013699999544769526;
out.tx_fr_HJambeAVD_COM = -0.11331000179052353;
out.ty_fr_HJambeAVD_COM = 0.017430000007152557;
out.tz_fr_HJambeAVD_COM = -0.005119999870657921;
out.tx_fr_BJambeAVD_COM = 0.11761912703514099;
out.ty_fr_BJambeAVD_COM = 0.012387133203446865;
out.tz_fr_BJambeAVD_COM = 5.79999983045705E-14;
out.tx_fr_PiedAVD = 0.29603999853134155;
out.ty_fr_PiedAVD = 0.014999999664723873;
out.tx_fr_EpauleAVG_COM = 0.003539999946951866;
out.ty_fr_EpauleAVG_COM = -0.043549999594688416;
out.tz_fr_EpauleAVG_COM = -0.0013699999544769526;
out.tx_fr_HJambeAVG_COM = -0.11388999968767166;
out.ty_fr_HJambeAVG_COM = 0.00901000015437603;
out.tz_fr_HJambeAVG_COM = 0.005549999885261059;
out.tx_fr_BJambeAVG_COM = 0.11761912703514099;
out.ty_fr_BJambeAVG_COM = 0.012387133203446865;
out.tz_fr_BJambeAVG_COM = -1.7890899872696764E-10;
out.tx_fr_PiedAVG = 0.29603999853134155;
out.ty_fr_PiedAVG = 0.014999999664723873;
out.tx_fr_EpauleARD_COM = -0.003539999946951866;
out.ty_fr_EpauleARD_COM = 0.043549999594688416;
out.tz_fr_EpauleARD_COM = -0.0013699999544769526;
out.tx_fr_HJambeARD_COM = -0.11331000179052353;
out.ty_fr_HJambeARD_COM = 0.017430000007152557;
out.tz_fr_HJambeARD_COM = -0.005119999870657921;
out.tx_fr_BJambeARD_COM = 0.11761912703514099;
out.ty_fr_BJambeARD_COM = 0.012387133203446865;
out.tx_fr_PiedARD = 0.29603999853134155;
out.ty_fr_PiedARD = 0.014999999664723873;
out.tx_fr_EpauleARG_COM = 0.003539999946951866;
out.ty_fr_EpauleARG_COM = -0.043549999594688416;
out.tz_fr_EpauleARG_COM = 0.0013699999544769526;
out.tx_fr_HJambeARG_COM = -0.11388999968767166;
out.ty_fr_HJambeARG_COM = 0.00901000015437603;
out.tz_fr_HJambeARG_COM = 0.005549999885261059;
out.tx_fr_BJambeARG_COM = 0.11761912703514099;
out.ty_fr_BJambeARG_COM = 0.012387133203446865;
out.tz_fr_BJambeARG_COM = -1.7893500570131948E-10;
out.tx_fr_PiedARG = 0.29603999853134155;
out.ty_fr_PiedARG = 0.014999999664723873;
out.m_base = 22.93400001525879;
out.ix_base = 0.38572999835014343;
out.iy_base = 0.9069200158119202;
out.iz_base = 1.2276999950408936;
out.m_EpauleAVD = 6.775000095367432;
out.ix_EpauleAVD = 0.028599999845027924;
out.ixy_EpauleAVD = -5.999999848427251E-5;
out.ixz_EpauleAVD = 1.8000000272877514E-4;
out.iy_EpauleAVD = 0.01066999975591898;
out.iyz_EpauleAVD = 7.50000006519258E-4;
out.iz_EpauleAVD = 0.028929999098181725;
out.m_HJambeAVD = 4.894999980926514;
out.ix_HJambeAVD = 0.008990000002086163;
out.ixy_HJambeAVD = -0.00215000007301569;
out.ixz_HJambeAVD = -0.00646999990567565;
out.iy_HJambeAVD = 0.060499999672174454;
out.iyz_HJambeAVD = 4.299999854993075E-4;
out.iz_HJambeAVD = 0.057029999792575836;
out.m_BJambeAVD = 0.49002501368522644;
out.ix_BJambeAVD = 1.0300027497578412E-4;
out.ixy_BJambeAVD = 4.99999991225835E-15;
out.ixz_BJambeAVD = 1.899883063742891E-4;
out.iy_BJambeAVD = 0.0067988005466759205;
out.iz_BJambeAVD = 0.006776800379157066;
out.m_EpauleAVG = 6.775000095367432;
out.ix_EpauleAVG = 0.02864000014960766;
out.ixy_EpauleAVG = 5.999999848427251E-5;
out.ixz_EpauleAVG = 1.8000000272877514E-4;
out.iy_EpauleAVG = 0.01066999975591898;
out.iyz_EpauleAVG = -7.50000006519258E-4;
out.iz_EpauleAVG = 0.028929999098181725;
out.m_HJambeAVG = 4.954999923706055;
out.ix_HJambeAVG = 0.010320000350475311;
out.ixy_HJambeAVG = 0.002259999979287386;
out.ixz_HJambeAVG = -0.010110000148415565;
out.iy_HJambeAVG = 0.06055999919772148;
out.iyz_HJambeAVG = -2.500000118743628E-4;
out.iz_HJambeAVG = 0.055959999561309814;
out.m_BJambeAVG = 0.49002501368522644;
out.ix_BJambeAVG = 1.0300027497578412E-4;
out.ixy_BJambeAVG = -1.568599937440407E-11;
out.ixz_BJambeAVG = 1.899883063742891E-4;
out.iy_BJambeAVG = 0.0067988005466759205;
out.iyz_BJambeAVG = 2.2900000580701463E-13;
out.iz_BJambeAVG = 0.006776800379157066;
out.m_EpauleARD = 6.775000095367432;
out.ix_EpauleARD = 0.02864000014960766;
out.ixy_EpauleARD = 5.999999848427251E-5;
out.ixz_EpauleARD = -1.8000000636675395E-5;
out.iy_EpauleARD = 0.01066999975591898;
out.iyz_EpauleARD = 7.50000006519258E-4;
out.iz_EpauleARD = 0.028929999098181725;
out.m_HJambeARD = 4.894999980926514;
out.ix_HJambeARD = 0.008990000002086163;
out.ixy_HJambeARD = -0.00215000007301569;
out.ixz_HJambeARD = -0.00646999990567565;
out.iy_HJambeARD = 0.060499999672174454;
out.iyz_HJambeARD = 4.299999854993075E-4;
out.iz_HJambeARD = 0.057029999792575836;
out.m_BJambeARD = 0.49002501368522644;
out.ix_BJambeARD = 1.0300027497578412E-4;
out.ixz_BJambeARD = 1.899883063742891E-4;
out.iy_BJambeARD = 0.0067988005466759205;
out.iz_BJambeARD = 0.006776800379157066;
out.m_EpauleARG = 6.775000095367432;
out.ix_EpauleARG = 0.02864000014960766;
out.ixy_EpauleARG = -5.999999848427251E-5;
out.ixz_EpauleARG = -1.8000000272877514E-4;
out.iy_EpauleARG = 0.01066999975591898;
out.iyz_EpauleARG = -7.50000006519258E-4;
out.iz_EpauleARG = 0.028929999098181725;
out.m_HJambeARG = 4.954999923706055;
out.ix_HJambeARG = 0.010320000350475311;
out.ixy_HJambeARG = 0.002259999979287386;
out.ixz_HJambeARG = -0.010110000148415565;
out.iy_HJambeARG = 0.06055999919772148;
out.iyz_HJambeARG = -2.500000118743628E-4;
out.iz_HJambeARG = 0.055959999561309814;
out.m_BJambeARG = 0.49002501368522644;
out.ix_BJambeARG = 1.0300027497578412E-4;
out.ixy_BJambeARG = -1.568799951057187E-11;
out.ixz_BJambeARG = 1.899883063742891E-4;
out.iy_BJambeARG = 0.0067988005466759205;
out.iyz_BJambeARG = 2.2900000580701463E-13;
out.iz_BJambeARG = 0.006776800379157066;

